2 100
0.123654479954 2.20481035986
0.662187638712 1.94077426526
1.94077426526 5.70491463305
-0.876345520046 0
-0.835121723279 0
-0.793897926512 0
-0.752674129746 0
-0.711450332979 0
-0.670226536212 0
-0.629002739446 0
-0.587778942679 0
-0.546555145912 0
-0.505331349146 0
-0.464107552379 0
-0.422883755612 0
-0.381659958846 0
-0.340436162079 0
-0.299212365312 0
-0.257988568546 0
-0.216764771779 0
-0.175540975012 0
-0.134317178246 0
-0.0930933814788 0
-0.0518695847122 0
-0.0106457879455 0
0.0305780088212 0
0.0718018055879 0
0.113025602355 0
0.154249399121 4.31996862846
0.195473195888 5.97065596921
0.236696992655 7.74440718141
0.277920789421 9.64122226504
0.319144586188 11.6611012201
0.360368382955 13.8040440467
0.401592179721 16.0700507446
0.442815976488 18.4591213141
0.484039773255 20.9712557549
0.525263570021 23.6064540672
0.566487366788 26.364716251
0.607711163555 29.2460423062
0.648934960321 32.2504322329
0.690158757088 35.377886031
0.731382553855 38.6284037005
0.772606350621 42.0019852415
0.813830147388 45.4986306539
0.855053944155 49.1183399378
0.896277740922 52.8611130931
0.937501537688 56.7269501199
0.978725334455 60.7158510181
1.01994913122 64.8278157878
1.06117292799 69.0628444289
1.10239672475 73.4209369414
1.14362052152 77.9020933254
1.18484431829 82.5063135809
1.22606811505 87.2335977078
1.26729191182 92.0839457061
1.30851570859 97.0573575759
1.34973950536 102.153833317
1.39096330212 107.37337293
1.43218709889 112.715976414
1.47341089566 118.18164377
1.51463469242 123.770374997
1.55585848919 129.482170095
1.59708228596 135.317029065
1.63830608272 141.274951906
1.67952987949 147.355938619
1.72075367626 153.559989203
1.76197747302 159.887103659
1.80320126979 166.337281986
1.84442506656 172.910524185
1.88564886332 179.606830255
1.92687266009 186.426200196
1.96809645686 193.368634009
2.00932025362 200.434131693
2.05054405039 207.622693249
2.09176784716 214.934318677
2.13299164392 222.369007975
2.17421544069 229.926761145
2.21543923746 0.0
2.25666303422 0.0
2.29788683099 0.0
2.33911062776 5.68434188608e-14
2.38033442452 0.0
2.42155822129 5.68434188608e-14
2.46278201806 0.0
2.50400581482 5.68434188608e-14
2.54522961159 -1.13686837722e-13
2.58645340836 -5.68434188608e-14
2.62767720512 1.13686837722e-13
2.66890100189 0.0
2.71012479866 0.0
2.75134859542 1.13686837722e-13
2.79257239219 0.0
2.83379618896 -1.13686837722e-13
2.87501998572 0.0
2.91624378249 0.0
2.95746757926 1.13686837722e-13
2.99869137602 -1.13686837722e-13
3.03991517279 0.0
3.08113896956 -1.13686837722e-13
3.12236276632 -5.68434188608e-14
3.16358656309 -1.70530256582e-13
3.20481035986 0.0
